6.0000171661   13.1373758316   12.5266504288   12.0159912109   11.2668304443   10.1864719391    7.9632987976
6.1666841507   12.8866968155   12.4871406555   11.7746791840   11.2287607193   10.0698423386    8.4110240936
6.3333339691   10.6536092758   10.0935382843    9.5091657639    8.9010057449    7.9377098083    6.9125976562
6.5000009537   10.5984001160   10.0557956696    9.4991664886    8.8725318909    7.8922710419    6.8524408340
6.6666679382   10.5389719009   10.0232267380    9.4581346512    8.8547506332    7.8958125114    6.8406152725
6.8333349228   10.7359733582   10.2362594604    9.6750679016    9.0616645813    8.1001825333    7.0417270660
7.0000019073   11.0116243362   10.5036144257    9.9460668564    9.3154745102    8.3167037964    7.1944546700
7.1666688919   11.2447328568   10.7100124359   10.1393404007    9.5119676590    8.5413780212    7.4080109596
7.3333358765   11.5570898056   11.0221214294   10.4287185669    9.7916679382    8.7221412659    7.5636615753
7.5000028610   11.8480424881   11.3040885925   10.6700706482   10.0051050186    8.9639616013    7.7840704918
7.6666698456   12.1478786469   11.6026287079   10.9534206390   10.2655782700    9.1860828400    7.9995036125
7.8333368301   12.2191019058   11.6312932968   10.9793338776   10.2790946960    9.1914091110    8.0134983063
8.0000038147   12.2450504303   11.6540470123   10.9848699570   10.2733526230    9.2072868347    8.0230283737
8.1666707993   12.4419536591   11.8353509903   11.1252632141   10.4072895050    9.3281030655    8.1551942825
8.3333377838   12.5963525772   11.9597702026   11.2721166611   10.5267181396    9.4435892105    8.2456569672
8.5000047684   12.8427610397   12.1958169937   11.4537277222   10.7038288116    9.5968990326    8.3970689774
8.6666717529   12.9728555679   12.3102970123   11.5708007812   10.8167037964    9.6829061508    8.4589910507
8.8333387375   13.0204267502   12.3509054184   11.6197900772   10.8547620773    9.7295770645    8.5040969849
9.0000057220   13.0674762726   12.3816118240   11.6505336761   10.8696603775    9.7004470825    8.4824104309
9.1666727066   13.3257284164   12.6212577820   11.8530511856   11.0757980347    9.8801031113    8.6024942398
9.3333396912   13.6584100723   12.9621629715   12.1777019501   11.3454656601   10.0988044739    8.7386465073
9.5000066757   13.8754138947   13.2200460434   12.4472713470   11.6009016037   10.3109064102    8.8859004974
9.6666736603   14.1062564850   13.4383459091   12.6540393829   11.8024644852   10.4591217041    8.9815492630
9.8333406448   14.2409725189   13.5605087280   12.7754220963   11.9003286362   10.5146627426    9.0289583206
10.0000076294   14.1996183395   13.5385980606   12.7562875748   11.8909749985   10.5288248062    9.0304355621
10.1666755676   14.1796417236   13.5345268250   12.7664613724   11.9039926529   10.5309257507    9.0074090958
10.3333415985   14.1743135452   13.4991378784   12.7393884659   11.8901357651   10.5315580368    9.0299234390
10.5000095367   14.1799707413   13.5265111923   12.7449159622   11.8895387650   10.5231704712    9.0257883072
10.6666755676   14.3024902344   13.6154918671   12.8234567642   11.9617509842   10.5930948257    9.0867586136
10.8333435059   14.3124008179   13.6455097198   12.8545780182   11.9868021011   10.6372642517    9.1322841644
11.0000095367   14.2753715515   13.5985565186   12.8052845001   11.9362764359   10.5961751938    9.1256723404
11.1666774750   14.2589483261   13.5419425964   12.7547712326   11.8774137497   10.5547437668    9.1077041626
11.3333435059   14.2783508301   13.5843257904   12.8081884384   11.9425849915   10.6013135910    9.1247119904
11.5000114441   14.2621612549   13.5904388428   12.7956066132   11.9345617294   10.5582799911    9.0625696182
11.6666774750   14.3159675598   13.6442050934   12.8492307663   11.9911031723   10.6231946945    9.1228809357
11.8333454132   14.3803873062   13.7004203796   12.8945608139   12.0183954239   10.6638431549    9.1605472565
12.0000114441   14.3789949417   13.6954212189   12.9024114609   12.0303745270   10.6405258179    9.1366882324
12.1666793823   14.3023700714   13.6331586838   12.8329849243   11.9512681961   10.5747528076    9.0745544434
12.3333454132   14.4798440933   13.8108930588   13.0121669769   12.1421594620   10.7666673660    9.2478389740
12.5000114441   14.5327129364   13.8778209686   13.0982885361   12.2181186676   10.8059320450    9.2609996796
12.6666793823   14.5680122375   13.8990535736   13.1119270325   12.2372016907   10.8313426971    9.2963247299
12.8333454132   14.6117401123   13.9477787018   13.1364316940   12.2360525131   10.8005561829    9.2316007614
13.0000114441   14.7453956604   14.0894412994   13.2888202667   12.4000329971   10.9646577835    9.3852043152
13.1666793823   14.7700614929   14.0983285904   13.3067970276   12.4308748245   11.0444850922    9.4779319763
13.3333454132   14.6335954666   13.9752321243   13.1975202560   12.3129110336   10.9007940292    9.3353319168
13.5000114441   14.3813571930   13.7529716492   12.9895401001   12.1278438568   10.7348327637    9.1904239655
13.6666793823   14.0419263840   13.4294319153   12.6805200577   11.8413543701   10.4971256256    9.0029144287
13.8333454132   13.1632499695   12.5404682159   11.8140830994   11.0224695206    9.7012042999    8.2522687912
14.0000123978   13.4951944351   12.9168329239   12.2182645798   11.4316253662   10.1477861404    8.6974134445
14.1666793823   13.3700037003   12.7795619965   12.0642690659   11.2768945694    9.9801445007    8.5535793304
14.3333454132   13.5484304428   12.9468994141   12.2270517349   11.4191141129   10.1275110245    8.6809883118
14.5000123978   13.7839393616   13.1664247513   12.4335508347   11.6203269958   10.2993946075    8.8553857803
14.6666793823   13.7878026962   13.1388940811   12.3722858429   11.5544481277   10.2530117035    8.8355302811
14.8333454132   13.4954290390   12.8456363678   12.0862693787   11.2690973282    9.9869470596    8.6030826569
15.0000123978   13.6028633118   12.9681081772   12.2203416824   11.4008970261   10.1112518311    8.6931095123
15.1666793823   13.7662076950   13.1312541962   12.3741598129   11.5423240662   10.2217397690    8.8053798676
15.3333454132   13.8110389709   13.1697387695   12.4133195877   11.5868177414   10.2992029190    8.8282003403
15.5000123978   13.8190765381   13.1290063858   12.3469543457   11.5172710419   10.1945056915    8.7595376968
15.6666793823   13.8228006363   13.1373414993   12.3603162766   11.5277109146   10.2468690872    8.8157558441
15.8333454132   13.9841632843   13.2853364944   12.4979486465   11.6484823227   10.3170557022    8.8768281937
16.0000114441   14.3212480545   13.6528024673   12.8600711823   12.0003776550   10.6201562881    9.1125049591
16.1666793823   14.5490779877   13.8706693649   13.0642757416   12.1995258331   10.7841424942    9.2053174973
16.3333454132   14.4589824677   13.7528219223   12.9573163986   12.0858602524   10.7089643478    9.1536998749
16.5000114441   14.3192453384   13.6469354630   12.8448762894   11.9660520554   10.5618925095    9.0048608780
16.6666793823   14.0745182037   13.4033117294   12.6380233765   11.8012285233   10.3944740295    8.8633241653
16.8333454132   13.9719829559   13.2649955750   12.4709920883   11.6109409332   10.2195682526    8.7341966629
17.0000114441   13.8770723343   13.2266798019   12.4740171432   11.6376609802   10.2738962173    8.7589626312
17.1666793823   13.6298799515   12.9717340469   12.1997213364   11.3582239151   10.0019302368    8.5433416367
17.3333454132   13.2904634476   12.6523904800   11.9064970016   11.0978603363    9.7805099487    8.3472661972
17.5000114441   13.3856172562   12.7375965118   12.0241241455   11.2174291611    9.9176054001    8.4931612015
17.6666793823   13.4893379211   12.8694810867   12.1349391937   11.3272800446   10.0124359131    8.5867252350
17.8333454132   13.5373373032   12.9161844254   12.1827850342   11.3782005310   10.0619535446    8.6451759338
18.0000114441   13.6231517792   12.9805402756   12.2308626175   11.4161396027   10.0911092758    8.6532726288
18.1666793823   13.6954326630   13.0740537643   12.3505887985   11.5314474106   10.2129602432    8.7626609802
18.3333454132   13.8016300201   13.1091804504   12.3518123627   11.5062675476   10.1626358032    8.7201223373
18.5000114441   13.9127683640   13.2292699814   12.4849519730   11.6475086212   10.3044204712    8.8482332230
18.6666793823   13.9570837021   13.2780590057   12.4813861847   11.6289072037   10.2616748810    8.7974863052
18.8333454132   13.9058542252   13.2455940247   12.4678173065   11.6094961166   10.2299232483    8.7641477585
19.0000114441   13.7698202133   13.1131095886   12.3528184891   11.5219888687   10.1766557693    8.6988992691
19.1666793823   13.6560487747   13.0086650848   12.2716703415   11.4548063278   10.1208868027    8.6581735611
19.3333454132   13.5826539993   12.9382839203   12.1995868683   11.3892965317   10.0605707169    8.6192150116
19.5000114441   13.5212230682   12.8856954575   12.1421241760   11.3224401474    9.9759721756    8.5342206955
19.6666793823   13.4540185928   12.8099679947   12.0738496780   11.2307825089    9.8984718323    8.4694223404
19.8333454132   13.4081153870   12.7331237793   11.9968233109   11.1955013275    9.9095706940    8.4992923737
20.0000114441   13.2199115753   12.5758800507   11.8293161392   11.0187883377    9.7169036865    8.3273706436