t	M1_Sspd_9_mean	M1_Sspd_5_mean	M1_Sspd_2_mean	M1_Sdir_9_mean	M1_Sdir_5_mean	M1_Sdir_2_min	M2_Cup_9_mean	M2_Sspd_5_mean	M2_Sspd_2_mean	M2_Sdir_5_mean	M2_Sdir_2_mean	M3_Cup_9_mean	M3_Sspd_5_mean	M3_Sspd_2_mean	M3_Sdir_5_mean	M3_Sdir_2_mean	M4_Sspd_9_mean	M4_Sspd_5_mean	M4_Sspd_2_mean	M4_Sdir_9_mean	M4_Sdir_5_mean	M4_Sdir_2_mean	M5_Sspd_5_mean	M5_Sspd_2_mean	M5_Sdir_5_mean	M5_Sdir_2_mean	M6_Cup_9_mean	M6_Sspd_5_mean	M6_Sspd_2_mean	M6_Sdir_5_mean	M6_Sdir_2_mean	M7_Sspd_5_mean	M7_Sspd_2_mean	M7_Sdir_5_mean	M7_Sdir_2_mean	M8_Cup_9_mean	M8_Sspd_5_mean	M8_Sspd_2_mean	M8_Sdir_5_mean	M8_Sdir_2_mean
0.000	6.944	6.093	4.500	211.990	208.530	203.520	10.402	10.615	7.099	217.510	209.560	9.945	9.393	8.914	218.060	214.480	2.562	1.317	1.459	224.500	284.980	312.360	7.887	7.015	229.030	228.460	10.911	11.055	3.521	225.410	196.070	7.823	7.344	200.880	193.160	9.334	7.965	4.069	215.910	212.800
0.167	7.168	6.364	4.748	213.570	210.300	205.380	10.750	11.022	7.984	218.470	211.770	10.181	9.636	9.223	219.330	215.200	2.525	1.315	1.473	221.720	283.870	309.390	7.794	7.001	230.160	229.900	11.308	11.494	3.482	225.910	195.700	8.114	7.526	201.440	193.520	9.041	7.772	3.960	214.680	211.410
0.333	7.247	6.396	4.725	211.120	207.570	202.570	10.842	11.039	7.373	217.190	208.510	10.485	9.947	9.428	216.980	212.800	2.615	1.389	1.676	221.480	287.120	316.320	8.171	7.233	227.930	227.530	11.387	11.503	3.638	225.410	196.020	8.459	7.928	200.440	193.840	9.444	8.206	4.489	214.830	211.510
0.500	7.047	6.214	4.593	210.590	206.930	201.700	10.472	10.777	6.714	216.580	206.770	10.080	9.622	9.081	215.660	212.010	2.513	1.259	1.380	216.890	282.650	311.880	7.970	7.184	226.120	225.360	10.996	11.237	3.622	225.010	197.710	8.114	7.556	200.990	193.720	9.563	8.363	4.429	212.570	209.170
0.667	7.838	6.923	5.026	214.490	211.140	207.130	11.901	12.176	8.835	219.610	213.520	11.186	10.455	9.853	219.850	215.330	2.919	1.536	1.732	221.390	281.070	312.340	8.553	7.658	231.150	230.720	12.445	12.548	3.591	227.070	191.320	8.990	8.255	201.850	193.610	9.885	8.388	4.241	215.840	211.980
0.833	7.800	6.880	5.182	212.190	208.410	203.460	11.633	12.060	8.060	217.800	208.810	11.140	10.564	10.054	218.050	214.090	2.785	1.372	1.441	219.870	288.610	310.390	8.765	7.847	229.790	229.460	12.194	12.434	3.803	225.570	196.070	8.926	8.323	200.690	193.790	10.237	8.812	4.634	215.360	211.490
1.000	7.547	6.603	4.835	213.870	210.130	206.040	11.852	12.029	8.465	218.450	210.360	11.408	10.736	10.224	218.540	214.650	3.033	1.586	2.002	220.060	281.390	315.780	8.933	7.930	228.860	228.690	12.325	12.354	3.920	227.270	187.400	8.762	8.090	202.950	195.030	10.792	9.168	4.698	215.400	213.060
1.167	7.079	6.313	4.670	211.860	208.600	203.600	10.800	11.065	7.172	217.280	208.680	10.358	9.888	9.334	217.580	213.400	2.614	1.237	1.439	219.030	281.650	315.240	8.084	7.200	228.570	227.520	11.180	11.396	3.336	226.460	192.000	8.232	7.700	202.140	194.750	9.763	8.439	4.404	214.470	211.120
1.333	6.822	6.065	4.558	210.020	206.900	202.180	10.341	10.494	7.119	216.190	208.570	9.990	9.513	9.053	216.090	212.540	2.590	1.291	1.381	217.850	280.550	311.920	7.851	7.007	227.630	227.000	10.711	10.964	3.449	225.240	198.140	8.036	7.508	200.170	193.100	9.311	8.067	4.282	214.060	210.300
1.500	7.443	6.673	5.056	207.540	204.300	198.720	11.081	11.380	6.959	215.070	206.200	10.773	10.200	9.638	214.090	210.570	2.357	1.282	1.248	215.120	287.500	309.610	8.201	7.375	224.640	223.800	11.603	11.855	4.029	222.570	202.200	8.727	8.269	197.420	190.560	10.284	9.028	5.108	209.680	205.800
1.667	7.510	6.658	4.995	208.510	204.610	198.880	11.323	11.537	7.451	215.050	204.870	10.990	10.451	9.878	214.230	210.530	2.677	1.368	1.452	216.700	293.810	319.190	8.599	7.607	225.880	225.360	11.622	11.966	4.054	223.920	196.370	8.762	8.173	199.830	193.200	10.049	8.919	5.059	211.990	208.120
1.833	7.461	6.641	4.899	211.740	208.700	204.050	11.279	11.463	7.895	217.910	209.600	10.780	10.181	9.626	217.730	214.070	2.613	1.309	1.354	222.440	283.930	319.160	8.257	7.342	227.900	227.830	11.860	12.057	3.986	224.940	198.670	8.547	7.988	200.270	193.120	9.667	8.517	4.427	214.010	210.880
2.000	7.130	6.384	4.993	206.770	203.110	197.190	10.577	10.881	6.247	214.310	203.870	10.195	9.773	9.295	213.970	210.380	2.384	1.247	1.280	210.060	291.870	311.690	7.811	7.018	225.720	225.490	10.899	11.118	3.623	223.060	200.500	8.341	7.883	198.870	192.090	9.154	8.025	4.409	211.440	207.180
2.167	7.632	6.957	5.522	203.270	199.220	192.990	11.061	11.332	6.186	211.350	199.370	10.934	10.438	9.869	210.600	206.910	2.688	1.486	1.423	204.250	305.250	321.030	8.479	7.570	222.010	221.880	11.427	11.633	4.814	219.270	201.050	8.857	8.530	196.090	190.220	10.263	9.130	5.396	210.270	204.790
2.333	7.115	6.429	4.932	207.450	204.430	199.260	10.629	10.935	6.405	214.730	203.980	10.324	9.832	9.248	213.480	209.580	2.448	1.384	1.417	212.720	291.190	316.190	8.078	7.205	224.110	223.620	11.031	11.155	3.967	222.970	197.320	8.280	7.827	198.600	192.150	9.860	8.664	4.985	210.220	206.060
2.500	7.904	7.142	5.591	205.200	201.230	195.810	11.541	11.857	7.308	213.050	204.190	10.932	10.376	9.777	213.190	209.880	2.639	1.326	1.458	209.640	299.740	322.580	8.341	7.345	224.100	223.900	11.945	12.136	4.931	220.240	197.130	9.111	8.647	197.140	190.710	9.978	8.813	5.179	210.260	206.580
2.667	8.010	7.284	5.705	203.200	199.280	193.370	11.452	11.719	6.460	211.970	201.210	10.992	10.453	9.907	210.210	207.110	2.397	1.523	1.544	205.030	299.970	319.430	8.382	7.433	220.920	219.980	11.907	12.152	4.894	218.820	201.380	9.445	8.934	194.800	188.590	9.997	8.992	5.790	207.900	203.030
2.833	6.982	6.387	5.168	200.190	196.560	191.580	9.862	10.130	5.283	210.530	198.650	9.579	9.244	8.576	207.680	203.950	2.175	1.210	1.261	207.520	310.010	328.690	7.433	6.508	217.200	216.240	10.297	10.587	5.382	215.750	199.040	8.250	8.002	193.250	187.150	9.502	8.614	5.531	203.880	199.890
3.000	7.050	6.401	5.117	201.120	197.010	190.340	9.841	10.148	5.375	210.160	199.210	9.639	9.243	8.793	206.990	202.810	2.235	1.189	1.369	205.300	308.380	327.200	7.328	6.514	217.210	216.420	10.390	10.604	4.869	216.710	198.380	8.410	8.134	194.310	188.870	8.983	8.145	5.560	203.950	199.700
3.167	6.720	6.189	4.997	197.600	193.300	187.180	9.429	9.579	5.132	207.990	196.400	8.967	8.534	8.052	206.280	202.830	1.705	1.166	1.313	207.400	317.920	330.290	6.540	5.830	215.740	214.870	9.832	9.990	5.340	213.010	199.000	8.040	7.759	190.930	185.980	8.631	7.901	5.795	200.470	196.270
3.333	6.287	5.837	4.809	196.190	192.560	186.030	8.974	9.208	5.143	205.980	196.710	8.755	8.418	8.051	205.210	201.840	1.778	1.139	1.315	201.830	318.940	334.150	6.634	5.917	213.930	212.650	9.161	9.275	5.258	213.140	197.060	7.498	7.235	192.070	187.350	8.854	8.079	5.841	201.630	197.550
3.500	6.789	6.275	5.211	197.780	193.150	186.800	9.509	9.768	5.621	207.520	198.110	9.152	8.792	8.287	206.440	202.850	1.937	1.199	1.309	197.750	325.600	334.340	6.775	5.973	216.260	215.600	9.822	9.979	5.699	213.380	198.440	7.811	7.680	192.140	186.470	8.745	7.996	6.128	201.320	195.860
3.667	6.861	6.306	5.248	195.070	190.730	183.880	9.597	9.816	5.498	204.730	195.380	9.546	9.184	8.673	205.080	201.170	1.992	1.332	1.408	206.510	329.900	338.890	7.018	6.238	214.960	214.750	9.898	9.984	6.107	211.150	196.910	8.041	7.721	191.120	186.270	9.132	8.326	6.617	200.180	195.780
3.833	6.388	5.962	4.824	197.990	193.910	187.420	8.946	9.146	4.940	207.220	197.930	8.838	8.509	8.150	203.470	199.760	1.859	1.248	1.366	201.590	323.640	337.920	6.658	5.823	212.400	210.700	9.454	9.569	5.153	214.260	194.560	7.726	7.456	193.120	188.140	8.669	7.905	6.220	199.790	194.600
4.000	6.522	6.072	5.015	194.480	190.410	183.020	8.972	9.192	5.494	204.720	196.160	9.034	8.657	8.206	204.210	200.160	1.909	1.239	1.312	203.130	321.650	338.000	6.779	6.027	212.500	210.900	9.237	9.378	6.042	210.510	196.150	7.635	7.426	189.990	185.410	9.387	8.619	6.524	199.540	195.600
4.167	6.981	6.486	5.512	190.700	186.900	179.730	9.620	9.782	5.902	200.990	193.490	9.535	9.105	8.635	201.770	197.700	1.737	1.473	1.588	253.230	339.670	351.430	6.712	5.940	210.180	209.300	9.704	9.803	7.373	206.430	193.860	8.181	7.957	188.390	184.340	8.843	8.104	6.761	196.820	192.100
4.333	7.443	6.852	5.701	191.680	187.390	180.190	9.993	10.171	6.330	201.820	193.160	9.792	9.378	8.932	200.970	196.950	1.790	1.470	1.662	232.580	342.270	348.700	7.046	6.322	211.070	210.050	10.431	10.559	7.881	207.210	193.440	8.913	8.630	187.790	182.990	9.005	8.254	6.876	196.750	192.260
4.500	8.073	7.531	6.324	190.910	186.400	179.320	11.119	11.379	6.780	201.250	194.070	10.961	10.531	10.010	202.260	198.740	1.963	1.476	1.654	215.220	339.110	344.310	7.788	6.854	210.740	210.390	11.377	11.367	8.555	205.950	194.110	9.485	9.178	187.930	183.690	9.976	9.115	7.463	196.450	191.880
4.667	8.171	7.603	6.391	190.800	186.400	179.540	11.437	11.549	6.923	200.990	193.330	11.324	10.858	10.434	199.570	195.600	2.294	1.844	2.060	252.840	347.780	353.820	8.291	7.260	208.540	207.820	11.494	11.439	9.037	206.070	194.680	9.458	9.213	188.300	183.270	10.713	9.795	8.232	196.950	191.580
4.833	8.247	7.596	6.399	190.820	186.370	178.970	11.272	11.439	7.103	200.970	193.640	11.502	11.031	10.461	201.080	196.820	2.336	1.599	1.857	224.300	347.120	350.030	8.335	7.218	210.100	209.320	11.766	11.679	8.714	206.450	194.800	9.949	9.664	187.630	183.330	10.710	9.805	7.997	196.170	191.940
5.000	8.046	7.470	6.373	193.050	188.390	181.800	11.247	11.538	6.765	202.910	193.920	11.623	11.166	10.642	201.620	197.250	2.271	1.663	1.786	220.190	335.270	344.640	8.475	7.452	210.920	210.320	11.447	11.536	7.916	209.170	194.450	9.462	9.203	190.190	185.350	11.285	10.225	8.281	198.410	193.710
5.167	8.386	7.742	6.282	196.270	192.110	185.490	11.855	12.095	6.669	206.260	196.280	11.580	11.135	10.545	205.450	201.520	2.247	1.502	1.668	202.060	322.100	335.460	8.462	7.575	215.790	214.830	12.274	12.361	7.232	212.460	196.870	9.943	9.575	192.090	186.750	11.010	9.981	7.126	201.590	197.570
5.333	8.507	7.919	6.541	191.690	187.380	180.730	11.253	11.413	6.830	202.330	194.500	11.088	10.625	10.199	201.240	197.540	2.216	1.613	1.796	248.420	352.980	357.310	8.081	7.112	211.120	210.440	11.730	11.804	8.766	206.600	194.390	9.801	9.526	187.350	182.650	9.905	9.140	7.711	197.100	191.620
5.500	7.454	6.980	5.992	190.000	186.150	180.010	10.016	10.254	6.050	201.170	192.720	9.829	9.425	8.927	200.760	196.870	1.882	1.468	1.546	242.080	342.420	348.130	7.202	6.306	208.800	208.100	10.145	10.278	7.938	205.470	194.370	8.293	8.155	187.630	183.070	9.649	8.880	7.412	195.200	190.720
5.667	7.741	7.337	6.206	189.800	185.270	178.780	10.537	10.654	6.753	200.590	191.950	10.290	9.796	9.345	200.340	196.210	2.149	1.308	1.551	241.720	356.170	11.036	7.536	6.611	209.230	208.680	10.841	10.886	8.414	204.990	193.640	9.408	9.086	186.680	182.790	9.343	8.559	7.312	194.090	189.380
5.833	7.973	7.368	6.255	190.170	185.790	178.450	10.718	10.863	6.656	200.250	192.850	10.399	9.980	9.576	199.960	195.800	2.186	1.556	1.812	242.300	355.940	5.887	7.603	6.696	208.220	207.750	11.020	11.057	8.606	204.630	193.470	9.483	9.212	186.870	182.390	9.708	8.955	7.610	194.170	189.320
6.000	7.987	7.372	6.164	192.060	188.160	181.430	11.010	11.254	6.697	202.290	194.420	10.934	10.523	10.080	201.790	197.630	1.993	1.409	1.680	226.150	343.740	353.250	8.093	7.061	211.540	210.970	11.237	11.258	7.845	207.930	194.490	9.365	9.039	188.530	184.540	9.968	9.137	7.570	196.220	191.300
6.167	7.978	7.497	6.225	193.150	189.470	183.060	10.861	11.052	6.217	204.370	195.230	10.295	9.871	9.343	203.080	199.000	1.850	1.515	1.641	222.180	331.030	340.050	7.717	6.840	211.210	209.820	11.359	11.414	8.086	208.420	196.140	9.384	9.131	189.180	184.360	10.780	9.794	8.019	196.500	192.340
6.333	8.177	7.593	6.303	193.760	189.750	183.310	11.423	11.548	6.409	203.970	195.210	11.186	10.687	10.180	203.480	199.180	1.994	1.460	1.630	203.540	337.150	343.600	8.203	7.215	213.080	212.670	11.604	11.714	7.719	209.420	196.210	9.385	9.079	190.160	185.100	10.220	9.289	7.492	198.380	193.270
6.500	7.555	7.010	5.874	190.340	186.390	179.890	10.126	10.286	6.603	200.390	191.780	10.421	9.992	9.565	199.550	195.710	2.208	1.498	1.640	240.580	345.890	1.620	7.502	6.553	208.550	207.510	10.524	10.569	7.993	206.060	193.000	8.864	8.615	188.380	184.490	9.683	8.955	7.604	195.220	189.510
6.667	7.756	7.291	6.083	189.880	186.450	180.380	10.473	10.726	6.838	200.570	192.180	10.399	10.066	9.572	199.970	195.580	2.099	1.518	1.788	248.620	351.700	0.378	7.756	6.804	208.080	207.130	10.633	10.823	8.026	205.460	193.760	9.054	8.875	187.300	183.040	9.837	9.073	7.717	196.750	191.820
6.833	7.164	6.732	5.795	189.180	185.280	178.770	9.522	9.700	6.257	199.040	191.040	9.573	9.122	8.698	198.260	194.030	2.103	1.452	1.644	238.000	353.140	2.231	7.125	6.222	205.300	204.030	9.808	9.872	7.500	204.380	191.790	8.254	8.070	187.340	183.450	9.652	8.904	7.689	194.380	189.420
7.000	7.039	6.623	5.599	188.240	185.560	180.220	9.160	9.305	6.342	199.150	191.930	9.016	8.686	8.311	196.690	192.370	2.203	1.299	1.633	235.150	18.951	19.628	6.672	5.827	204.190	203.150	9.597	9.705	7.103	204.360	190.840	8.297	8.155	186.250	183.090	8.741	8.122	7.022	190.690	186.910
7.167	6.769	6.485	5.647	182.980	179.600	173.080	8.584	8.710	6.721	192.720	186.310	8.497	8.131	7.719	192.970	189.180	2.352	1.153	1.727	224.860	64.475	65.139	5.945	5.160	199.740	198.510	8.866	8.940	7.523	198.030	187.580	8.089	7.900	182.980	180.500	8.694	8.138	7.045	186.760	183.350
7.333	7.079	6.758	5.995	179.000	174.980	168.930	8.765	8.843	7.254	188.670	185.670	8.922	8.588	8.200	190.290	185.990	2.704	1.223	2.305	221.920	77.036	75.170	6.171	5.383	196.270	195.110	9.176	9.135	8.045	193.310	185.050	8.277	8.062	180.470	178.650	8.966	8.500	7.465	182.450	180.390
7.500	7.175	6.863	5.981	183.170	179.340	173.350	9.132	9.277	6.764	194.380	188.310	9.059	8.704	8.251	194.440	190.530	2.418	1.185	1.691	228.900	57.552	65.665	6.281	5.485	201.610	200.870	9.287	9.385	8.259	197.830	189.720	8.131	8.010	183.000	180.260	8.725	8.082	7.054	189.330	184.900
7.667	7.177	6.764	5.951	182.250	178.010	171.620	9.198	9.341	7.120	192.730	187.110	8.965	8.591	8.255	193.830	190.270	2.485	1.229	2.169	221.400	88.100	79.005	6.240	5.538	201.000	200.410	9.340	9.364	8.275	196.440	187.870	8.372	8.162	181.470	178.980	8.695	8.151	7.042	185.710	182.310
7.833	7.545	7.146	6.194	186.410	181.750	175.120	9.850	10.105	6.955	197.060	190.150	9.854	9.490	9.125	198.800	194.730	2.279	1.238	1.574	234.450	30.981	32.486	7.193	6.366	208.210	208.100	9.935	10.118	8.361	201.510	189.790	8.534	8.348	185.070	181.600	8.902	8.250	7.109	192.620	188.300
8.000	6.876	6.578	5.752	183.240	179.150	172.550	8.884	9.062	7.103	192.740	187.490	9.096	8.712	8.308	193.620	189.610	2.594	1.218	1.892	224.950	80.127	76.595	6.528	5.660	201.730	201.440	8.990	9.065	8.037	197.900	187.880	7.919	7.760	183.740	180.580	8.588	8.023	6.949	188.040	184.010
8.167	6.564	6.266	5.505	182.820	179.040	172.600	8.405	8.520	6.662	193.610	187.720	8.499	8.139	7.748	193.750	189.570	2.365	0.995	1.675	227.810	65.840	71.490	5.998	5.215	200.550	199.630	8.491	8.714	7.585	197.670	188.740	7.681	7.530	183.280	180.390	8.475	7.825	6.755	187.990	183.880
8.333	7.388	7.101	6.263	176.730	173.440	168.150	8.820	8.911	7.809	185.980	182.920	8.802	8.507	7.967	186.960	183.190	2.790	1.303	3.036	210.710	99.574	83.864	6.134	5.288	191.850	190.310	9.105	9.167	7.924	191.480	182.600	8.641	8.388	178.450	176.890	8.973	8.480	7.324	179.760	177.320
8.500	6.872	6.575	5.784	182.300	178.760	172.870	8.868	8.959	6.962	192.670	187.100	8.927	8.576	8.226	192.580	188.390	2.606	1.253	2.046	226.100	50.710	60.181	6.419	5.612	198.150	197.250	9.064	9.028	7.812	197.320	186.860	7.896	7.697	184.030	181.590	8.794	8.258	7.241	186.710	183.180
8.667	5.867	5.527	4.764	186.080	181.900	175.660	7.654	7.801	6.037	195.050	188.370	8.004	7.724	7.349	194.740	190.880	2.047	1.065	1.273	235.550	20.923	31.001	5.839	5.088	201.560	200.660	7.870	7.936	6.653	201.370	189.240	7.027	6.852	185.210	182.370	8.269	7.634	6.690	190.340	186.470
8.833	6.452	6.146	5.251	186.250	181.710	174.960	8.504	8.561	6.182	196.400	190.260	8.154	7.849	7.484	197.460	193.660	1.901	0.972	1.240	235.750	32.105	35.521	5.814	5.136	205.750	204.600	8.641	8.680	7.460	200.440	190.870	7.443	7.272	185.680	181.580	7.909	7.357	6.371	191.180	186.760
9.000	6.789	6.461	5.551	188.450	184.310	177.970	9.065	9.248	5.907	198.670	190.960	8.856	8.454	7.990	198.250	193.970	2.200	1.121	1.380	235.490	17.452	28.531	6.470	5.719	206.650	206.100	9.259	9.329	7.237	203.540	191.670	7.885	7.700	186.040	182.150	8.398	7.757	6.668	193.650	189.860
9.167	6.543	6.126	5.206	189.170	185.110	179.460	8.542	8.740	6.272	198.320	190.020	8.341	8.034	7.772	196.450	192.260	2.048	1.073	1.278	233.030	354.260	16.627	6.036	5.377	203.740	203.100	8.920	9.052	6.511	204.410	190.910	7.764	7.622	186.170	182.390	8.695	8.001	6.902	192.220	188.360
9.333	6.925	6.608	5.716	185.140	180.920	173.900	9.006	9.105	6.463	195.730	189.070	8.794	8.444	8.148	196.290	192.730	2.250	1.155	1.632	233.810	48.828	53.399	6.195	5.465	204.780	204.200	9.405	9.379	7.928	200.130	190.130	8.321	8.133	183.040	179.360	8.426	7.790	6.741	191.210	187.020
9.500	7.276	6.908	5.990	184.890	181.330	175.450	9.487	9.590	6.886	195.280	188.900	9.440	9.069	8.728	196.620	192.450	2.167	1.257	1.685	226.950	41.249	37.726	6.878	5.953	203.760	202.950	9.506	9.617	8.101	199.710	189.920	8.219	8.078	184.580	181.100	9.117	8.413	7.198	191.390	187.620
9.667	7.220	6.751	5.778	189.980	186.070	179.970	9.756	10.045	6.345	199.940	191.220	9.787	9.434	8.988	198.990	194.650	1.999	1.425	1.583	226.760	349.700	355.780	7.153	6.232	207.100	206.330	9.824	9.962	7.333	205.890	192.060	8.304	8.169	187.510	183.740	9.636	8.873	7.575	195.400	191.300
9.833	6.610	6.233	5.344	189.090	184.620	177.670	8.879	9.083	5.881	199.380	190.710	8.774	8.450	8.169	199.150	195.180	1.950	1.120	1.312	237.750	353.020	9.477	6.521	5.790	208.730	207.840	9.178	9.170	7.136	203.980	193.260	7.902	7.668	185.490	181.960	7.960	7.467	6.422	192.600	188.230
10.000	6.616	6.327	5.558	184.860	180.200	173.800	8.567	8.733	6.591	195.130	188.370	8.563	8.220	7.839	196.290	192.520	2.109	1.054	1.399	236.510	24.515	33.457	6.112	5.332	204.910	205.420	8.775	8.877	7.654	200.120	188.520	7.733	7.608	184.360	180.880	7.934	7.401	6.437	191.170	187.450
10.167	6.457	6.101	5.246	188.320	184.560	178.520	8.474	8.664	5.733	199.220	190.990	8.278	7.930	7.582	198.280	193.570	1.973	1.046	1.373	231.960	39.296	38.040	5.842	5.150	204.560	204.140	8.792	8.846	7.019	203.560	191.760	7.674	7.507	185.830	182.340	8.093	7.583	6.565	191.330	187.590
10.333	6.462	6.064	5.103	187.250	183.030	176.930	8.325	8.473	5.874	197.610	190.540	8.231	7.964	7.599	196.490	192.020	2.099	1.154	1.493	231.950	19.339	29.677	6.013	5.250	204.230	202.760	8.642	8.701	7.006	202.420	190.740	7.529	7.331	185.920	182.460	7.951	7.443	6.346	191.720	187.120
10.500	6.209	5.859	5.032	188.350	184.380	178.160	8.004	8.173	5.553	198.560	190.720	8.004	7.713	7.331	196.670	192.420	2.033	1.006	1.279	238.680	357.970	14.151	5.852	5.080	204.110	202.720	8.495	8.515	6.541	203.830	189.840	7.274	7.147	185.440	181.400	8.093	7.487	6.409	190.900	186.840
10.667	6.710	6.351	5.377	189.210	186.000	179.800	8.942	9.197	5.989	199.430	192.260	8.918	8.602	8.261	199.700	195.920	1.831	1.178	1.272	223.960	339.420	357.010	6.404	5.579	207.100	206.860	9.403	9.473	7.115	204.650	193.760	8.230	7.979	185.770	181.240	8.661	8.015	6.763	194.160	189.900
10.833	6.828	6.347	5.393	191.840	188.000	182.540	9.198	9.396	6.198	200.880	191.740	9.323	8.968	8.525	199.480	195.400	1.991	1.506	1.644	247.120	345.820	351.690	6.808	5.937	207.090	206.320	9.596	9.702	6.600	208.490	191.090	8.034	7.823	189.820	185.970	9.538	8.779	7.369	194.340	189.540
11.000	7.182	6.726	5.691	190.970	186.720	180.700	9.609	9.765	5.901	201.080	194.460	9.242	8.890	8.563	199.290	195.300	2.077	1.272	1.465	242.940	2.681	0.809	6.705	5.863	207.580	206.790	9.965	10.077	7.327	206.350	192.990	8.732	8.466	187.380	183.260	8.651	7.969	6.841	193.900	189.220
11.167	7.294	6.871	5.876	186.640	183.000	177.040	9.564	9.761	6.639	197.020	190.530	9.367	9.059	8.686	196.940	193.510	2.304	1.149	1.505	230.350	19.325	37.213	6.610	5.774	205.080	204.260	9.862	9.938	7.864	202.270	191.000	8.593	8.403	184.970	181.660	8.865	8.293	7.113	191.550	187.780
11.333	7.207	6.792	5.665	190.640	186.960	180.770	9.629	9.885	5.829	201.800	192.950	8.940	8.686	8.332	200.370	196.830	1.902	1.366	1.423	240.150	342.160	352.390	6.328	5.528	207.110	206.420	10.041	10.111	7.715	205.120	193.910	8.643	8.430	187.820	183.850	9.334	8.736	7.501	192.980	188.450
11.500	7.737	7.262	6.166	191.390	187.100	180.460	10.764	10.933	6.546	201.600	194.080	10.462	9.981	9.447	202.500	198.600	2.235	1.337	1.577	226.320	353.350	1.770	7.713	6.822	212.590	212.050	10.723	10.814	7.657	206.790	193.530	8.870	8.634	189.090	184.990	9.552	8.712	7.115	198.820	193.220
11.667	7.474	6.884	5.696	196.110	191.490	185.020	10.461	10.657	5.907	205.820	195.510	10.319	9.857	9.382	204.300	200.400	2.040	1.368	1.519	197.330	321.640	332.640	7.581	6.716	214.780	214.790	10.861	11.001	6.783	211.780	196.130	9.079	8.753	191.500	186.760	9.558	8.723	6.789	199.400	194.840
11.833	7.588	7.020	5.816	193.950	189.720	183.130	10.627	10.827	6.124	204.410	194.060	10.261	9.814	9.344	203.720	200.220	1.949	1.442	1.606	208.950	335.640	343.800	7.563	6.797	214.430	214.130	10.939	10.950	7.651	209.160	196.350	8.996	8.739	189.550	184.740	8.849	8.126	6.521	198.410	193.890
12.000	7.065	6.698	5.651	191.390	187.860	181.740	9.563	9.877	6.013	201.070	192.090	9.810	9.408	8.922	198.680	194.640	1.988	1.558	1.749	253.530	350.810	356.310	7.242	6.440	206.820	206.410	9.777	9.967	7.041	207.680	192.490	8.178	7.974	189.460	185.310	9.510	8.792	7.438	196.160	191.040
12.167	7.360	6.855	5.775	191.730	187.510	181.590	9.929	10.176	6.366	201.500	193.020	9.927	9.507	9.092	200.630	196.020	1.928	1.491	1.567	243.210	349.380	358.390	7.206	6.409	210.530	210.370	10.163	10.245	7.279	207.610	193.000	8.456	8.269	189.330	185.150	9.209	8.426	6.928	198.430	193.240
12.333	7.207	6.609	5.476	195.970	191.470	184.900	10.228	10.385	5.496	206.250	197.020	10.101	9.616	9.117	205.140	201.000	2.113	1.318	1.473	203.560	335.620	341.990	7.493	6.597	214.750	213.930	10.450	10.531	6.742	210.810	198.030	8.383	8.176	190.690	185.500	9.662	8.694	6.623	201.950	196.710
12.500	7.414	6.860	5.618	199.420	195.680	190.040	10.581	10.849	5.945	209.260	197.660	10.169	9.740	9.243	208.710	204.840	2.269	1.206	1.303	204.230	312.420	329.080	7.728	6.967	217.520	217.420	10.984	11.158	5.874	214.720	199.850	8.550	8.234	193.260	187.430	9.732	8.833	6.080	204.570	200.110
12.667	8.052	7.282	5.632	206.440	202.750	196.920	11.859	12.147	7.178	214.020	203.230	11.204	10.713	10.118	212.990	209.340	2.481	1.285	1.210	207.690	306.050	320.470	8.549	7.597	223.050	222.460	12.349	12.578	4.648	221.710	199.410	9.582	9.012	197.730	191.000	10.344	9.152	5.437	209.760	204.570
12.833	8.716	7.662	5.755	209.070	205.000	200.130	13.069	13.304	8.152	216.060	205.740	12.424	11.808	11.157	214.390	210.820	2.889	1.385	1.497	215.620	285.320	333.310	9.563	8.576	225.260	225.460	13.815	13.934	4.881	223.480	198.000	10.388	9.764	198.600	191.540	11.509	10.129	5.511	210.850	206.890
13.000	8.759	7.922	6.167	206.060	202.480	196.300	12.940	13.290	7.249	213.460	201.480	12.717	12.129	11.454	212.710	208.810	3.161	1.413	1.436	212.020	299.470	317.710	9.822	8.712	224.500	224.160	13.422	13.719	4.881	221.920	199.200	10.191	9.690	197.570	190.880	11.751	10.409	6.122	209.670	205.510
13.167	8.579	7.835	6.206	203.840	200.280	193.920	12.425	12.746	6.971	212.060	201.800	12.160	11.548	10.889	211.190	207.360	2.944	1.675	1.726	205.630	301.740	321.560	9.272	8.132	221.990	221.910	12.798	13.127	5.240	219.390	199.720	9.912	9.516	195.960	189.400	11.383	10.173	6.469	209.160	203.760
13.333	8.161	7.288	5.718	202.620	199.140	192.720	12.012	12.268	7.025	211.320	201.550	11.658	11.109	10.517	211.940	208.160	2.646	1.442	1.434	207.960	305.730	315.630	8.830	7.969	222.970	222.980	12.324	12.514	5.173	218.550	200.400	9.673	9.222	195.060	189.290	10.441	9.282	5.735	208.800	204.470
13.500	7.900	7.114	5.585	203.600	200.050	193.750	11.447	11.809	6.537	211.710	199.640	11.051	10.639	10.142	212.350	208.340	2.502	1.251	1.315	206.170	302.990	325.610	8.447	7.603	224.280	224.050	11.682	11.946	4.496	219.450	201.480	8.880	8.556	195.980	189.760	9.714	8.695	5.238	208.350	203.530
13.667	7.881	7.217	5.671	205.140	201.310	195.370	11.542	11.850	6.801	213.010	201.890	11.082	10.595	10.028	213.270	209.860	2.515	1.391	1.403	207.440	303.640	323.270	8.497	7.615	224.230	224.490	11.947	12.222	4.734	220.240	201.110	9.125	8.723	195.710	189.300	10.508	9.299	5.305	209.360	206.450
13.833	7.655	6.884	5.384	208.050	203.860	198.020	11.582	11.814	7.141	214.460	204.990	11.228	10.665	9.997	214.460	210.800	2.808	1.313	1.375	214.530	300.160	318.680	8.658	7.766	224.430	223.930	11.849	11.984	4.525	224.020	195.550	9.026	8.532	199.250	192.680	10.919	9.655	5.635	210.790	206.520
14.000	7.897	7.151	5.693	205.090	201.320	194.910	11.682	12.044	6.938	212.370	201.510	11.172	10.644	10.038	211.310	208.110	2.653	1.253	1.315	203.560	303.710	327.220	8.444	7.511	221.880	221.600	12.196	12.399	4.709	221.350	198.070	9.549	9.011	197.340	191.010	10.142	9.127	5.732	207.600	203.040
14.167	7.914	7.230	5.651	205.970	202.230	197.040	11.654	11.865	7.171	213.640	203.640	11.010	10.532	9.884	213.570	210.470	2.655	1.335	1.337	209.980	297.020	320.570	8.449	7.536	224.940	224.800	12.011	12.196	4.703	220.620	201.450	9.038	8.671	196.630	190.160	10.426	9.200	5.214	209.320	205.120
14.333	7.729	6.978	5.490	205.780	201.250	195.420	11.492	11.767	7.024	213.190	202.630	10.981	10.455	9.953	212.950	209.510	2.528	1.267	1.199	209.920	302.210	317.590	8.476	7.531	222.860	222.190	12.036	12.151	4.683	221.100	201.060	9.248	8.781	196.130	189.840	10.291	9.136	5.351	210.220	205.200
14.500	7.343	6.667	5.308	203.430	199.450	193.180	10.610	10.909	5.690	212.420	201.030	10.413	9.960	9.419	211.930	208.090	2.388	1.190	1.157	204.340	300.470	320.890	7.882	6.995	222.760	222.280	10.890	11.182	4.501	219.360	201.660	8.581	8.176	195.490	189.440	9.374	8.337	4.980	208.780	203.960
14.667	7.953	7.082	5.448	205.400	201.460	194.720	11.827	12.162	6.783	212.510	200.420	11.370	10.887	10.357	212.240	208.850	2.658	1.274	1.343	205.610	306.180	323.270	8.679	7.710	223.470	223.430	12.127	12.294	4.508	221.270	199.500	9.277	8.795	197.540	191.050	10.101	8.996	5.311	208.720	203.950
14.833	7.922	7.185	5.644	205.330	201.470	195.410	11.748	12.041	6.908	213.190	203.270	11.353	10.822	10.271	213.430	210.100	2.846	1.373	1.404	208.410	300.610	320.680	8.690	7.676	224.470	223.980	11.875	12.087	4.910	220.960	198.760	8.863	8.440	197.620	190.930	10.493	9.312	5.475	211.900	206.370
15.000	7.816	6.990	5.419	209.260	205.580	200.880	11.648	11.927	7.630	215.940	206.730	11.092	10.525	9.971	215.840	212.340	2.791	1.466	1.560	215.960	288.950	309.600	8.712	7.761	225.700	225.170	11.935	12.127	3.948	224.020	199.430	8.949	8.496	199.180	193.040	10.569	9.267	4.989	211.070	208.080
15.167	7.299	6.538	5.003	209.160	205.610	200.870	10.989	11.270	6.779	215.930	207.790	10.530	10.032	9.464	214.850	211.050	2.556	1.298	1.242	211.430	288.850	319.730	8.108	7.178	225.120	224.100	11.382	11.597	3.929	224.050	198.440	8.334	7.847	199.350	191.930	9.960	8.774	4.925	211.760	207.410
15.333	7.401	6.648	4.975	208.760	205.140	199.520	10.969	11.195	6.648	215.900	202.960	10.624	10.118	9.571	214.310	210.670	2.759	1.371	1.373	210.010	292.200	321.460	8.454	7.572	225.640	225.100	11.547	11.713	4.472	223.250	199.020	8.713	8.157	199.400	192.930	10.029	8.727	4.686	212.560	208.440
15.500	7.993	7.164	5.363	210.370	206.520	200.810	11.855	12.145	7.571	216.850	205.620	11.228	10.683	10.082	215.630	212.200	2.935	1.511	1.622	213.540	291.420	318.520	8.785	7.772	225.220	224.580	12.363	12.562	4.151	224.010	195.200	9.138	8.608	199.760	192.960	10.700	9.416	5.309	211.860	207.970
15.667	8.297	7.262	5.282	213.240	209.880	204.960	12.624	12.814	9.267	218.060	212.630	12.135	11.331	10.639	218.150	214.160	3.138	1.625	1.724	216.640	291.810	312.230	9.581	8.553	229.460	228.800	13.403	13.589	4.322	226.180	199.170	9.905	9.127	201.270	193.830	11.265	9.791	5.437	215.480	211.890
15.833	7.750	6.907	5.209	208.160	204.580	199.170	11.523	11.815	7.027	215.160	205.680	10.923	10.324	9.770	214.710	211.100	2.557	1.419	1.285	217.020	296.700	312.800	8.295	7.418	225.190	224.730	11.964	12.183	4.523	223.020	200.260	9.200	8.692	197.700	190.810	10.125	9.021	5.206	211.510	206.360
16.000	7.811	7.052	5.322	209.430	205.500	199.580	11.717	12.030	7.503	216.020	205.300	11.432	10.870	10.290	216.240	212.450	2.827	1.379	1.541	213.790	294.580	312.070	8.892	7.879	227.180	226.760	12.094	12.263	4.042	224.610	199.630	8.949	8.476	199.710	192.820	10.258	8.989	5.234	213.310	207.640
16.167	7.557	6.694	5.046	212.790	208.720	203.730	11.393	11.681	8.312	217.990	210.810	10.975	10.330	9.805	218.970	214.710	2.887	1.347	1.560	221.770	280.710	310.870	8.659	7.678	229.070	228.340	11.735	11.849	3.798	225.630	192.810	8.390	7.844	202.190	194.380	10.248	8.866	4.580	214.800	211.340
16.300	7.068	6.289	4.760	210.610	207.260	202.820	10.757	10.961	6.902	216.770	206.590	10.285	9.776	9.289	216.180	212.030	2.640	1.140	1.338	215.950	288.630	321.110	8.115	7.287	226.620	226.020	11.338	11.485	3.622	225.730	199.110	8.474	7.940	200.690	193.590	9.770	8.568	4.816	212.210	208.280
16.467	8.121	7.173	5.340	212.340	208.480	203.250	12.071	12.350	8.687	218.010	210.960	11.557	10.858	10.228	217.900	213.720	2.917	1.377	1.653	219.990	292.030	316.210	9.136	8.109	227.820	227.380	12.651	12.891	4.185	225.260	194.110	9.162	8.582	200.000	192.280	10.979	9.549	5.240	214.350	210.340
16.633	9.138	8.034	6.027	215.470	211.240	207.000	13.902	14.115	11.149	219.540	214.280	12.908	12.061	11.469	220.360	216.160	3.500	1.829	1.976	221.790	280.690	312.180	10.151	9.024	231.130	231.280	14.390	14.423	4.445	227.970	187.090	10.221	9.398	202.890	194.360	11.487	9.847	5.119	216.040	213.040
16.800	8.919	7.704	5.547	216.990	213.740	210.150	13.717	13.909	10.878	220.810	215.590	12.957	11.909	11.305	221.160	216.510	3.442	2.013	2.308	224.450	283.890	309.950	10.350	9.286	232.280	231.470	14.536	14.474	4.403	228.950	181.400	10.214	9.314	203.530	194.880	11.418	9.623	4.803	217.390	214.450
16.967	8.047	7.007	5.025	217.720	214.580	211.360	12.450	12.543	10.425	221.690	217.890	11.545	10.772	10.101	222.320	217.760	3.014	1.683	2.077	225.040	281.530	309.130	8.873	7.935	232.230	232.140	13.099	13.109	3.975	228.360	188.990	8.963	8.283	203.520	195.460	10.082	8.518	4.167	218.260	217.080
17.133	7.577	6.508	4.682	216.840	213.150	209.730	11.583	11.742	9.580	220.070	216.310	10.898	10.129	9.631	221.010	216.240	2.730	1.472	1.449	221.070	283.290	310.490	8.566	7.677	231.680	231.350	12.092	12.123	3.570	228.790	179.280	8.422	7.784	203.550	195.540	9.666	8.079	4.031	218.460	216.780
17.300	7.857	6.909	5.105	212.570	208.690	203.640	11.846	12.121	8.143	217.910	209.050	11.340	10.750	10.218	218.180	214.040	2.905	1.421	1.538	221.190	289.500	312.860	8.971	8.026	229.930	229.740	12.402	12.583	3.658	226.260	194.210	9.106	8.527	200.960	193.210	10.255	8.924	4.821	215.180	210.770
17.467	7.319	6.534	5.141	207.600	203.880	198.080	10.950	11.328	6.269	214.740	201.510	10.907	10.365	9.644	213.500	209.690	2.713	1.238	1.187	211.720	299.550	325.020	8.535	7.606	225.150	224.630	11.644	11.773	4.235	222.990	201.090	8.832	8.313	198.550	191.740	10.296	9.087	5.216	212.320	207.270
17.633	7.629	6.829	5.193	210.130	206.070	200.740	11.440	11.771	7.472	216.410	206.970	11.045	10.412	9.805	216.460	212.100	2.655	1.485	1.559	218.360	290.900	316.000	8.594	7.735	228.050	227.600	11.766	11.921	3.952	224.740	196.100	8.619	8.166	200.540	193.750	9.810	8.628	4.620	213.630	209.720
17.800	7.636	6.585	4.837	215.780	212.290	208.090	11.579	11.785	9.201	219.640	214.150	10.924	10.197	9.767	220.510	215.880	2.928	1.534	1.689	224.070	277.340	316.300	8.531	7.558	231.740	231.550	12.149	12.180	3.579	227.300	182.030	8.619	8.013	203.060	195.270	9.881	8.393	4.267	217.170	215.530
17.967	8.189	7.223	5.419	213.910	210.270	205.920	12.569	12.721	9.310	218.420	211.200	11.961	11.238	10.618	219.790	214.980	3.119	1.691	1.966	221.810	287.290	311.190	9.476	8.428	229.740	229.330	12.813	12.818	3.962	227.200	182.540	9.070	8.416	202.650	194.830	10.984	9.435	4.916	216.700	213.750
18.133	8.536	7.494	5.538	214.030	210.220	205.900	13.106	13.293	9.700	218.330	212.180	12.688	11.966	11.341	219.010	214.570	3.449	2.012	2.441	222.590	285.240	311.920	10.335	9.193	229.650	229.380	13.592	13.666	4.114	227.900	189.000	9.651	8.949	202.340	194.890	12.151	10.275	5.406	217.500	212.820
18.300	9.043	7.829	5.690	216.430	213.010	208.680	14.030	14.177	11.376	220.040	215.350	13.249	12.224	11.576	220.880	215.900	3.562	2.031	2.444	225.610	279.430	309.590	10.683	9.545	232.350	231.750	14.754	14.697	4.544	228.050	188.960	10.380	9.608	203.590	195.430	11.951	10.003	5.030	218.350	214.960
18.467	8.784	7.580	5.406	217.530	214.290	210.620	13.724	13.977	10.913	220.740	215.990	13.119	12.094	11.514	222.020	217.120	3.714	2.306	2.927	228.190	280.110	312.110	10.283	9.198	231.780	231.710	14.095	14.025	4.142	229.450	171.940	9.674	8.839	205.000	196.350	11.965	10.104	5.028	217.650	215.320
18.633	9.564	8.080	5.719	218.790	215.550	211.530	14.824	14.998	12.416	221.710	217.860	13.797	12.800	12.178	222.790	217.970	3.984	2.448	3.019	229.480	281.120	310.640	11.021	9.871	233.420	233.610	15.372	15.342	4.629	229.090	173.460	10.569	9.604	204.970	195.880	12.330	10.212	5.215	218.930	215.840
18.800	7.727	6.905	5.274	213.430	209.990	205.270	11.688	11.947	8.482	218.280	210.980	11.345	10.730	10.253	218.670	214.340	3.020	1.564	1.781	218.540	287.430	317.560	9.034	8.094	228.920	228.710	12.266	12.455	3.788	226.170	191.510	8.745	8.144	201.350	193.790	10.768	9.225	4.699	214.110	212.230
18.967	9.292	8.135	5.864	215.280	211.360	206.660	14.141	14.409	10.731	219.550	213.200	13.319	12.351	11.733	219.860	215.590	3.567	1.811	1.925	221.860	285.970	312.780	10.497	9.369	230.630	230.300	14.741	14.860	4.586	227.180	192.540	10.501	9.655	202.180	194.180	11.840	10.148	5.290	217.010	213.260
19.133	9.095	7.986	5.764	215.120	211.670	207.250	13.882	14.168	10.784	219.450	214.740	13.188	12.333	11.711	219.660	215.610	3.337	1.749	2.019	223.930	278.700	314.210	10.232	9.170	229.850	229.470	14.517	14.667	4.308	227.380	188.180	10.393	9.567	202.940	194.690	12.504	10.739	5.623	216.350	212.850
19.300	8.696	7.576	5.473	218.500	215.210	211.930	13.508	13.693	10.899	221.330	216.900	12.816	11.811	11.295	222.100	216.460	3.490	2.239	2.608	226.270	282.850	309.120	10.507	9.352	232.160	231.950	14.113	13.871	4.224	229.770	177.210	9.714	8.933	205.620	197.240	11.693	9.817	4.952	219.060	216.990
19.467	8.529	7.231	5.040	222.790	220.270	218.400	13.399	13.603	11.945	224.930	222.690	12.251	10.736	10.252	225.860	219.180	3.685	2.779	3.649	230.430	281.410	310.710	10.009	8.939	236.040	235.710	13.906	13.614	4.285	231.350	156.800	9.027	8.094	208.540	199.810	10.957	8.841	4.109	222.160	221.260
19.633	6.906	5.845	3.974	228.970	227.330	227.770	10.981	11.149	9.477	229.470	227.040	9.888	8.156	7.491	231.020	223.750	3.647	2.936	4.064	232.400	286.490	313.260	8.419	7.565	239.990	239.950	11.389	11.245	3.587	233.730	136.050	7.013	6.216	212.450	202.310	8.918	6.697	2.952	227.290	225.710
19.800	6.937	5.888	4.123	228.600	226.770	227.130	10.913	11.025	9.816	229.150	227.830	9.452	7.725	7.273	230.380	222.820	3.459	2.812	3.848	234.260	285.900	311.980	7.947	7.081	238.620	238.850	11.567	11.235	3.742	234.330	156.730	7.407	6.557	212.600	203.000	8.826	6.919	3.042	225.050	225.170
19.967	6.863	5.784	3.930	229.770	227.830	228.900	10.855	10.938	8.906	230.460	228.620	9.765	7.848	7.062	232.060	224.910	3.794	3.089	4.408	233.760	288.780	312.290	8.256	7.330	240.810	240.930	11.046	10.868	3.529	235.330	127.630	6.807	5.987	214.150	203.590	8.733	6.311	2.571	228.080	230.490
20.133	7.876	6.685	4.485	235.020	234.270	238.150	12.555	12.724	9.367	234.270	232.290	11.456	9.821	8.608	235.740	230.200	4.788	3.740	5.758	234.930	288.990	313.840	9.807	8.726	243.460	243.270	12.908	12.892	4.308	237.050	166.350	7.888	6.919	216.910	206.180	9.843	6.778	2.787	231.330	235.300
20.300	8.506	7.176	4.918	235.610	234.910	238.390	13.690	13.905	9.901	234.650	232.460	12.291	10.487	8.980	235.590	229.540	5.494	4.134	6.551	233.660	289.840	313.780	10.628	9.487	243.290	243.900	14.359	14.148	4.625	237.480	158.930	8.671	7.307	218.920	207.840	11.135	7.772	3.095	232.200	234.590
20.467	8.918	7.422	4.985	231.630	230.260	232.130	14.274	14.313	11.764	231.850	230.790	12.863	10.677	9.371	233.710	226.960	5.332	4.187	6.122	233.370	289.040	312.810	11.172	9.854	242.630	242.720	14.630	14.602	4.961	234.300	184.410	8.921	7.717	214.650	203.740	11.592	8.330	3.636	230.360	230.700
20.633	9.222	7.728	5.228	232.590	231.210	233.100	14.570	14.808	11.658	232.130	230.640	13.218	11.140	9.876	234.280	227.260	5.686	4.320	6.351	232.570	288.260	312.910	11.400	10.058	242.350	242.610	15.039	14.919	4.904	235.350	143.570	9.195	7.961	215.230	204.600	11.856	8.476	3.804	230.140	228.980
20.800	9.064	7.655	5.185	229.360	227.390	227.270	14.358	14.608	12.398	229.860	227.650	13.028	10.871	9.926	231.770	224.560	5.335	4.277	6.328	233.760	288.700	313.070	11.514	10.215	241.440	241.210	14.431	14.169	4.578	234.880	128.380	8.878	7.872	213.670	203.090	12.294	9.234	4.141	229.480	227.400
20.967	8.139	6.800	4.613	229.620	228.290	229.020	13.104	13.244	10.993	230.310	228.100	11.715	9.688	8.815	231.580	224.450	4.721	3.837	5.594	233.890	288.860	313.080	10.296	9.217	240.520	240.410	13.283	12.884	4.122	234.660	115.850	8.179	7.097	214.430	204.090	10.907	7.965	3.558	228.200	226.550
21.133	7.147	5.927	4.067	227.740	225.410	226.430	11.358	11.441	9.788	228.630	226.710	9.985	8.274	7.897	229.550	221.630	3.681	2.937	4.175	232.470	288.500	312.100	8.516	7.522	238.080	237.660	12.010	11.842	3.739	234.710	143.140	7.549	6.659	212.950	203.400	9.438	7.357	3.347	225.350	223.970
21.300	8.094	7.016	4.993	220.940	217.810	214.940	12.559	12.828	11.133	223.520	219.950	11.715	10.603	10.219	224.400	218.680	3.385	2.497	3.201	228.840	281.480	309.670	9.841	8.712	235.210	234.990	12.921	12.721	3.992	230.250	154.590	8.445	7.779	207.220	198.090	10.830	8.858	4.339	222.030	219.770
21.467	7.880	6.808	4.767	222.250	219.560	216.910	12.432	12.659	11.152	224.200	220.820	11.433	10.226	9.950	224.800	218.570	3.343	2.404	3.015	231.540	279.360	310.090	9.625	8.586	234.570	234.300	13.059	12.862	3.866	231.570	144.940	8.735	7.826	208.340	199.800	10.528	8.649	4.266	221.050	218.350
21.633	7.954	6.716	4.713	226.110	223.790	222.870	12.720	12.761	11.101	227.380	224.560	11.433	9.713	9.208	228.370	221.290	3.784	3.065	4.204	232.840	283.100	310.990	9.806	8.767	237.580	237.520	13.120	12.837	4.130	232.730	164.460	8.357	7.423	211.520	201.620	10.738	8.412	3.785	224.020	224.810
21.800	7.966	6.713	4.656	223.530	220.690	219.010	12.510	12.709	10.984	225.190	223.180	11.570	10.251	9.733	226.460	220.010	3.789	2.806	3.593	230.960	282.480	309.660	9.816	8.771	236.730	236.620	12.834	12.569	3.918	232.330	154.020	8.428	7.612	209.030	199.370	10.724	8.572	4.086	223.340	221.550
21.967	7.766	6.671	4.749	220.900	218.010	215.040	12.233	12.316	10.623	223.030	220.700	11.415	10.273	9.771	224.040	218.290	3.095	1.915	2.281	226.800	276.570	308.920	8.991	8.073	233.590	233.500	12.719	12.560	3.807	230.510	171.440	8.540	7.724	206.730	197.820	10.094	8.418	3.963	218.780	217.430
22.133	7.031	6.042	4.292	221.960	219.460	217.300	10.896	10.979	9.682	224.090	221.910	9.942	8.862	8.534	224.650	218.580	2.778	1.993	2.253	227.900	284.370	309.120	8.114	7.244	234.620	234.610	11.632	11.597	3.435	230.850	166.580	7.778	7.045	206.540	197.730	9.040	7.510	3.684	220.300	217.920
22.300	6.648	5.763	4.081	218.590	215.120	211.730	10.229	10.402	8.835	221.230	217.340	9.648	8.935	8.474	222.200	217.200	2.552	1.420	1.684	225.940	279.660	311.780	7.730	6.894	232.090	231.440	10.516	10.378	3.115	229.570	172.420	7.341	6.739	206.250	198.610	8.496	7.131	3.299	218.780	216.990
22.467	6.637	5.702	4.150	217.880	215.010	211.880	10.469	10.549	8.768	221.440	216.660	9.854	9.183	8.785	221.840	217.510	2.678	1.666	1.998	226.810	280.770	310.030	8.093	7.140	231.050	231.090	11.008	10.941	3.190	229.070	169.000	7.493	6.919	205.240	196.890	9.289	7.771	3.891	217.170	214.990
22.633	6.446	5.431	3.772	219.780	217.070	214.270	10.209	10.175	8.694	222.290	218.980	9.542	8.767	8.444	222.270	217.120	2.425	1.392	1.673	226.220	281.410	310.850	7.505	6.768	232.420	231.880	10.953	10.921	3.294	231.390	172.190	7.487	6.842	206.590	198.340	8.634	7.320	3.647	219.210	216.710
22.800	6.209	5.455	3.902	218.270	215.000	212.150	9.770	9.973	7.999	221.200	216.130	9.236	8.583	8.198	221.610	217.100	2.430	1.423	1.643	224.760	275.930	309.090	7.376	6.560	230.360	229.740	10.244	10.273	3.000	229.960	165.320	7.021	6.424	206.030	197.620	8.482	7.191	3.564	217.370	215.390
22.967	7.189	6.394	4.682	213.960	210.690	206.020	10.771	11.110	8.041	218.690	212.240	10.200	9.676	9.225	219.090	215.000	2.674	1.368	1.645	218.370	284.560	311.490	7.960	7.138	230.140	230.010	11.223	11.294	3.373	225.940	186.260	8.120	7.534	201.010	193.710	9.029	7.805	4.042	215.530	213.230
23.133	6.599	5.856	4.362	213.250	209.750	205.970	9.901	10.028	7.255	218.380	211.330	9.562	8.964	8.449	217.780	214.190	2.607	1.091	1.280	216.930	287.930	319.940	7.615	6.834	227.970	227.220	10.530	10.653	3.389	226.430	197.760	7.644	7.216	200.700	193.460	8.876	7.708	4.171	214.780	209.960
23.300	6.076	5.424	3.995	213.300	210.280	206.430	9.236	9.479	6.429	218.310	209.760	8.980	8.517	8.083	218.270	213.890	2.372	1.186	1.309	216.100	286.380	315.880	6.993	6.262	229.600	229.190	9.757	10.049	2.954	227.510	192.510	7.174	6.634	202.330	194.760	8.303	7.157	3.624	215.020	212.550
23.467	6.786	6.018	4.432	215.540	212.340	208.270	10.239	10.447	8.163	219.400	213.620	9.697	9.104	8.661	220.100	215.600	2.666	1.221	1.390	223.870	279.230	305.380	7.679	6.860	230.980	230.900	10.777	10.856	3.120	227.510	187.000	7.732	7.131	202.630	194.880	8.467	7.170	3.570	217.050	214.400
23.633	6.382	5.696	4.291	213.820	210.070	206.660	9.555	9.854	7.035	218.900	211.620	9.254	8.688	8.236	219.530	214.990	2.469	1.136	1.205	220.290	291.070	310.120	7.206	6.504	230.370	230.140	9.666	9.714	2.901	226.080	181.280	6.872	6.422	202.950	195.670	8.200	6.988	3.466	216.540	214.400
23.800	6.611	5.792	4.225	213.910	210.670	206.540	10.051	10.224	7.552	218.620	212.840	9.544	8.948	8.501	219.580	215.320	2.493	1.307	1.361	223.650	277.790	316.440	7.471	6.664	231.080	231.250	10.330	10.366	3.001	227.020	180.710	7.443	6.915	202.050	194.280	8.352	7.090	3.521	218.260	215.160
23.967	6.077	5.255	3.848	216.510	213.060	210.010	9.245	9.517	7.541	220.120	215.460	8.789	8.291	7.846	221.160	216.490	2.388	1.346	1.621	227.070	276.230	314.060	7.072	6.338	231.820	230.900	9.671	9.788	2.861	228.640	176.570	6.861	6.413	203.600	196.160	8.003	6.788	3.418	218.080	216.090