12.167	4.92019	4.04717	3.31330	0.00	0.00	0.00	7.88993	7.22736	6.85475	0.00	0.00	7.77694	7.10677	6.03795	0.00	0.00	4.11031	1.73735	0.61417	0.00	0.00	0.00	5.13291	4.44436	0.00	0.00	7.98277	7.38223	8.03979	0.00	0.00	6.43180	5.70523	0.00	0.00	6.05034	5.36754	4.01329	0.00	0.00
12.333	4.97803	3.97314	3.11741	0.00	0.00	0.00	7.99678	7.37034	6.93065	0.00	0.00	7.91059	7.22667	6.12169	0.00	0.00	4.11727	1.78488	0.66217	0.00	0.00	0.00	5.22387	4.51046	0.00	0.00	8.12922	7.53642	8.20603	0.00	0.00	6.39937	5.40227	0.00	0.00	6.04652	5.36060	3.99007	0.00	0.00
12.500	4.99435	3.98757	3.07501	0.00	0.00	0.00	8.08274	7.42317	6.99927	0.00	0.00	7.97245	7.26626	6.11911	0.00	0.00	4.19580	1.83768	0.66151	0.00	0.00	0.00	5.24024	4.55628	0.00	0.00	8.21155	7.60808	8.37220	0.00	0.00	6.37740	5.79059	0.00	0.00	6.09866	5.38247	3.99228	0.00	0.00
12.667	5.01702	3.97968	3.08440	0.00	0.00	0.00	8.11009	7.45458	7.02497	0.00	0.00	7.99041	7.29288	6.14285	0.00	0.00	4.18325	1.85151	0.62872	0.00	0.00	0.00	5.26918	4.57722	0.00	0.00	8.26151	7.62535	8.19455	0.00	0.00	6.40020	5.50051	0.00	0.00	6.07094	5.35002	3.97953	0.00	0.00
12.833	5.00986	3.99263	3.09939	0.00	0.00	0.00	8.14818	7.47065	7.05244	0.00	0.00	8.01451	7.29037	6.07785	0.00	0.00	4.20566	1.84953	0.72615	0.00	0.00	0.00	5.28174	4.61414	0.00	0.00	8.30147	7.64116	8.24416	0.00	0.00	6.37679	5.74990	0.00	0.00	6.03639	5.34456	3.95204	0.00	0.00
13.000	5.07468	4.04223	3.09552	0.00	0.00	0.00	8.20502	7.52373	6.96751	0.00	0.00	8.09576	7.35685	6.16566	0.00	0.00	4.27501	1.90192	0.72907	0.00	0.00	0.00	5.34231	4.63953	0.00	0.00	8.34864	7.71808	8.43422	0.00	0.00	6.41989	5.64104	0.00	0.00	6.10307	5.36861	3.93676	0.00	0.00
13.167	5.05389	4.03150	3.19545	0.00	0.00	0.00	8.28437	7.62181	7.16440	0.00	0.00	8.16855	7.42743	6.20530	0.00	0.00	4.32364	1.91120	0.71844	0.00	0.00	0.00	5.35889	4.65975	0.00	0.00	8.48662	7.77145	8.09566	0.00	0.00	6.55947	5.73822	0.00	0.00	6.11542	5.37944	3.98226	0.00	0.00
13.333	5.16728	4.13165	3.20234	0.00	0.00	0.00	8.35122	7.65217	7.08225	0.00	0.00	8.19730	7.45180	6.24550	0.00	0.00	4.32519	1.95038	0.73136	0.00	0.00	0.00	5.40785	4.67505	0.00	0.00	8.45151	7.80381	8.49516	0.00	0.00	6.48546	5.76469	0.00	0.00	6.12022	5.40215	3.97517	0.00	0.00
13.500	5.19526	4.13147	3.15525	0.00	0.00	0.00	8.37968	7.70182	7.21486	0.00	0.00	8.24862	7.50552	6.30563	0.00	0.00	4.34720	1.92235	0.73439	0.00	0.00	0.00	5.41271	4.70801	0.00	0.00	8.54567	7.87478	8.49343	0.00	0.00	6.66181	5.52556	0.00	0.00	6.19558	5.44877	4.07035	0.00	0.00
13.667	5.24532	4.16504	3.16889	0.00	0.00	0.00	8.47274	7.76443	7.24082	0.00	0.00	8.32638	7.60316	6.36244	0.00	0.00	4.36638	1.92321	0.70279	0.00	0.00	0.00	5.47685	4.74174	0.00	0.00	8.58956	7.93847	8.69138	0.00	0.00	6.62666	5.62322	0.00	0.00	6.26511	5.52336	4.10730	0.00	0.00
13.833	5.29348	4.22418	3.22584	0.00	0.00	0.00	8.60682	7.91943	7.42264	0.00	0.00	8.47398	7.71664	6.45572	0.00	0.00	4.47423	1.93910	0.75309	0.00	0.00	0.00	5.59119	4.82564	0.00	0.00	8.77368	8.13518	8.92649	0.00	0.00	6.76713	5.77783	0.00	0.00	6.35011	5.58745	4.16324	0.00	0.00
14.000	5.42215	4.26977	3.26048	0.00	0.00	0.00	8.80246	8.08638	7.56110	0.00	0.00	8.69180	7.92451	6.54259	0.00	0.00	4.60348	2.03396	0.72119	0.00	0.00	0.00	5.74358	4.94637	0.00	0.00	8.96129	8.31300	9.09927	0.00	0.00	6.93355	5.73401	0.00	0.00	6.50839	5.70279	4.21971	0.00	0.00
14.167	5.58879	4.37326	3.32828	0.00	0.00	0.00	9.16897	8.42565	7.88767	0.00	0.00	9.04963	8.21888	6.85921	0.00	0.00	4.84621	2.15881	0.75812	0.00	0.00	0.00	5.99186	5.14548	0.00	0.00	9.35773	8.67290	9.29406	0.00	0.00	7.05697	6.29967	0.00	0.00	6.73711	5.89323	4.34408	0.00	0.00
14.333	5.71267	4.49168	3.32854	0.00	0.00	0.00	9.37127	8.62878	8.07904	0.00	0.00	9.22720	8.39569	7.00908	0.00	0.00	4.95816	2.28144	0.78002	0.00	0.00	0.00	6.07402	5.27029	0.00	0.00	9.62611	8.86477	9.20675	0.00	0.00	7.11577	6.09705	0.00	0.00	6.92885	6.06341	4.46552	0.00	0.00
14.500	5.76527	4.52089	3.41107	0.00	0.00	0.00	9.46761	8.72245	8.13972	0.00	0.00	9.31848	8.46144	7.03557	0.00	0.00	5.05392	2.31788	0.84158	0.00	0.00	0.00	6.18414	5.31560	0.00	0.00	9.75779	9.03336	9.67197	0.00	0.00	7.29518	5.99165	0.00	0.00	6.96457	6.06503	4.48021	0.00	0.00
14.667	5.69743	4.46471	3.23227	0.00	0.00	0.00	9.38287	8.63198	8.01480	0.00	0.00	9.20740	8.36832	6.95637	0.00	0.00	4.97979	2.24139	0.84065	0.00	0.00	0.00	6.12331	5.27854	0.00	0.00	9.67720	8.90842	9.54914	0.00	0.00	7.25628	6.23658	0.00	0.00	6.91627	6.04196	4.44564	0.00	0.00
14.833	5.84435	4.48338	3.25815	0.00	0.00	0.00	9.51463	8.73589	8.09925	0.00	0.00	9.29904	8.43886	6.99098	0.00	0.00	4.93304	2.21395	0.86272	0.00	0.00	0.00	6.23681	5.36574	0.00	0.00	9.97643	9.14903	9.71650	0.00	0.00	7.30273	6.36899	0.00	0.00	6.96966	6.05803	4.41612	0.00	0.00
15.000	5.86598	4.63596	3.35619	0.00	0.00	0.00	9.59684	8.81236	8.19384	0.00	0.00	9.33556	8.44286	6.97488	0.00	0.00	4.96490	2.30125	0.87545	0.00	0.00	0.00	6.22467	5.38206	0.00	0.00	10.09822	9.24597	9.83004	0.00	0.00	7.31909	6.36494	0.00	0.00	6.97754	6.05217	4.41470	0.00	0.00