    5.284922599792    7.955258369446    0.386994510889    3.472187280655    3.472187280655   -0.028999570757    0.015118492767   10.571474075317    0.554700911045    1.269894361496   -0.372619241476
   15.858026504517    8.720915794373    0.465875416994    3.810474157333    3.810474157333   -0.058064911515    0.029415156692   21.147922515869    1.078462719917    1.528736352921   -0.813879311085
   26.437820434570    9.465516090393    0.493209540844    3.921540737152    3.921540737152   -0.059223294258    0.028126748279   31.731410980225    1.603311061859    1.618431210518   -0.843681693077
   37.025001525879   10.203789710999    0.483860164881    3.885167837143    3.885167837143   -0.055801458657    0.025756912306   43.458656311035    1.862090229988    1.587751984596   -0.783535718918
   49.892311096191   10.964677810669    0.451308757067    4.227180957794    4.227180957794   -0.049137212336    0.022298160940   57.468486785889    2.175266504288    1.480936884880   -0.748488187790
   65.044662475586   11.756215095520    0.389213383198    3.927143335342    3.927143335342   -0.044582240283    0.019887268543   72.629699707031    2.466513395309    1.277175426483   -0.629084289074
   80.214744567871   12.467208862305    0.321994006634    3.573394298553    3.573394298553   -0.040519848466    0.018400330096   87.808647155762    2.766997098923    1.056599974632   -0.521823346615
   95.402549743652   13.127712249756    0.256072163582    3.187894582748    3.187894582748   -0.035829361528    0.016991596669  104.147590637207    2.742440938950    0.840282201767   -0.414816647768
  112.892631530762   13.763319015503    0.191518202424    3.010194301605    3.010194301605   -0.030483676121    0.015075973235  122.792022705078    2.808673381805    0.628453075886   -0.335921317339
  132.691406250000   14.388316154480    0.129383191466    2.475256919861    2.475256919861   -0.026699371636    0.014069884084  142.606201171875    2.941253900528    0.424561530352   -0.245131373405
  152.520980834961   14.952754020691    0.088425748050    2.047164440155    2.047164440155   -0.029361937195    0.015222405083  162.451065063477    4.355591773987    0.290162652731   -0.222174093127
  172.381149291992   15.687633514404    0.059686578810    1.682500839233    1.682500839233   -0.025423396379    0.013138047419  201.930389404297    2.933678150177    0.195857167244   -0.157996967435
  231.479644775391   16.872571945190    0.032190844417    2.103459835052    2.103459835052   -0.013878846541    0.008234062232  287.069641113281    2.507784605026    0.105631917715   -0.111387379467
  342.659667968750   18.212984085083    0.005223196466    0.914030969143    0.914030969143   -0.008741546422    0.005770793185  412.889190673828    2.566575050354    0.017139539123   -0.031416662037
  483.118713378906   19.417961120605    0.001388411154    0.509498834610    0.509498834610   -0.005923914257    0.005138417240  568.489868164062    2.687593936920    0.004555970430   -0.013110816479
  653.860961914062   20.531974792480    0.000000001395    0.000067454479    0.000067454479   -0.004325283691    0.007126128301  759.839599609375    4.219863414764    0.000000004578   -0.000001845160
  865.818298339844   22.156526565552    0.000000000000    0.000022575035    0.000022575035   -0.001172622433    0.009285978042  986.865234375000    2.712514400482    0.000000000000   -0.000000693353
 1107.912109375000   23.074872970581    0.000000000000    0.000017771892    0.000017771892    0.003506972222    0.007457919419 1231.872070312500   -0.989182949066    0.000000000000   -0.000000480611
 1355.832153320312   22.800127029419    0.000000000000    0.000016648100    0.000016648100    0.005586280953    0.003840790829 1483.038330078125   -2.964091539383    0.000000000000   -0.000000370347
 1610.244384765625   22.098371505737    0.000000000000    0.000016191276    0.000016191276    0.004919148050    0.001775177661    0.000000000000    0.000000000000    0.000000000000   -0.000000277854
