    1.115197181702    2.558810710907    0.527550756931    0.366590678692    0.366590678692    0.211850807071    0.163767725229    2.230552196503    1.690447211266    9.636852264404   -1.793138742447
    3.345907211304    3.547675371170    0.652329504490    0.402163982391    0.402163982391    0.410034328699    0.339483976364    4.461434364319    2.844828605652   11.916205406189   -3.910720825195
    5.576961517334    4.379815101624    0.422413915396    0.322868138552    0.322868138552    0.402682572603    0.344622701406    6.970893859863    4.444626331329    7.716301441193   -3.125978469849
    8.364826202393    5.419550895691    0.125181347132    0.201742798090    0.201742798090    0.345519721508    0.294142425060   10.037364959717    4.380729198456    2.286707401276   -1.672249197960
   11.709902763367    6.273510456085    0.028255758807    0.097560405731    0.097560405731    0.274948239326    0.245794296265   14.221122741699    6.264632225037    0.516152381897   -0.657252430916
   16.732341766357    7.567649364471    0.015552825294    0.091976821423    0.091976821423    0.203451916575    0.192038014531   20.082986831665    5.386736392975    0.284105896950   -0.470057100058
   23.433631896973    8.619030952454    0.006725203712    0.060545813292    0.060545813292    0.122249744833    0.131098538637   26.784803390503    6.594235897064    0.122850351036   -0.198254376650
   30.135974884033    9.584208488464    0.003593488364    0.042691268027    0.042691268027    0.093962594867    0.111387133598   33.489112854004    7.483628749847    0.065642818809   -0.113644130528
   36.842250823975   10.460794448853    0.001221428392    0.022516528144    0.022516528144    0.091814488173    0.105612203479   42.117668151855    9.822721481323    0.022312024608   -0.057560067624
   47.393081665039   11.900118827820    0.000017806775    0.000859504798    0.000859504798    0.082003518939    0.088694758713   54.592929840088    8.765888214111    0.000325279165   -0.001896561007
   61.792778015137   13.252556800842    0.000000426681    0.000030915013    0.000030915013    0.062477543950    0.064370036125   69.001922607422    9.891416549683    0.000007794258   -0.000050658920
   76.211067199707   14.461526870728    0.000000984483    0.000030772724    0.000030772724    0.056760538369    0.053399272263   83.429672241211   10.217997550964    0.000017983706   -0.000043807373
   90.648284912109   15.495795249939    0.000000608237    0.000025539319    0.000025539319    0.047871802002    0.041166983545  100.530883789062    9.380486488342    0.000011110765   -0.000029455903
  110.413475036621   16.574571609497    0.000000335640    0.000025582483    0.000025582483    0.045817036182    0.033499229699  122.971679687500   10.643141746521    0.000006131194   -0.000026523812
  135.529876708984   17.846101760864    0.000000222450    0.000033815169    0.000033815169    0.022064393386    0.015824552625  148.116577148438    2.892943620682    0.000004063530   -0.000016772239
  160.703262329102   18.133697509766    0.000000108083    0.000018276874    0.000018276874    0.023520672694    0.012281439267  190.401962280273   15.190705299377    0.000001974367   -0.000008858831
  220.100662231445   20.905603408813    0.000000032056    0.000012222190    0.000012222190    0.037991169840    0.013034954667  273.083587646484    9.914805412292    0.000000585565   -0.000008967459
  326.066528320312   23.156000137329    0.000000001764    0.000010548941    0.000010548941    0.026014897972   -0.002714581555  393.222198486328   11.012611389160    0.000000032223   -0.000005040267
  460.377868652344   25.356237411499    0.000000000064    0.000010820391    0.000010820391    0.018277432770   -0.010045576841  542.370300292969    2.270779848099    0.000000001162   -0.000004122377
  624.362731933594   25.757831573486    0.000000000245    0.000012144546    0.000012144546    0.005470676813   -0.011934910901    0.000000000000    0.000000000000    0.000000004477   -0.000002912618
