    1.114395141602    6.529932022095    0.540852665901    0.374472141266    0.374472141266    0.135847061872    0.167815759778    2.228960990906    0.654059886932    1.481633543968   -0.221488639712
    3.343526840210    7.517938613892    0.611383616924    0.396376252174    0.396376252174    0.217718362808    0.228227943182    4.458215713501    0.708723187447    1.674848914146   -0.342497676611
    5.572904586792    8.053252220154    0.425450474024    0.329301685095    0.329301685095    0.128143012524    0.092016749084    6.965704917908    0.758261680603    1.165496230125   -0.142314225435
    8.358505249023    8.511269569397    0.157391026616    0.227045029402    0.227045029402    0.072226598859    0.062340509146   10.029666900635    0.850351214409    0.431163311005   -0.059342604131
   11.700828552246    8.939294815063    0.020066237077    0.082186296582    0.082186296582    0.033847846091    0.045497838408   14.210056304932    0.655148506165    0.054970260710   -0.012767358683
   16.719284057617    9.288775444031    0.010620172136    0.076042734087    0.076042734087    0.044308412820    0.059338174760   20.067317962646    1.714030742645    0.029093327001   -0.015426889062
   23.415353775024   10.152665138245    0.004206433892    0.045813329518    0.045813329518    0.074837028980    0.090858519077   26.763971328735    2.345014095306    0.011523274705   -0.014773054048
   30.112588882446   11.039003372192    0.002022501780    0.030390607193    0.030390607193    0.080213606358    0.095804549754   33.463157653809    2.979692220688    0.005540522747   -0.010402571410
   36.813728332520   11.940288543701    0.000128069689    0.004646013957    0.004646013957    0.064531579614    0.074339441955   42.084888458252    2.025898456573    0.000350839284   -0.001252908609
   47.356048583984   12.706831932068    0.000000298862    0.000035365159    0.000035365159    0.055638737977    0.058400038630   54.550182342529    3.410101890564    0.000000818714   -0.000007814519
   61.744316101074   14.065423011780    0.000000957736    0.000029899256    0.000029899256    0.059816870838    0.058676570654   68.947860717773    3.384397506714    0.000002623661   -0.000006863121
   76.151397705078   15.133605957031    0.000001205663    0.000034075270    0.000034075270    0.055423375219    0.048136167228   83.364456176758    3.966999053955    0.000003302843   -0.000006852497
   90.577522277832   16.170513153076    0.000000605344    0.000025995769    0.000025995769    0.043504871428    0.034671448171  100.452613830566    2.706870555878    0.000001658304   -0.000003961682
  110.327705383301   16.974384307861    0.000000411515    0.000031386455    0.000031386455    0.032439559698    0.023934217170  122.875747680664    3.261873960495    0.000001127320   -0.000003466201
  135.423782348633   17.980657577515    0.000000460524    0.000031077696    0.000031077696    0.040272668004    0.026635104790  148.000793457031    4.838650703430    0.000001261578   -0.000004110657
  160.577789306641   19.222814559937    0.000000401265    0.000016470865    0.000016470865    0.036933720112    0.019271785393  190.255187988281    3.692141294479    0.000001099243   -0.000001879709
  219.932601928711   20.962644577026    0.000000046675    0.000011772206    0.000011772206    0.029352623969    0.006358247250  272.882934570312    4.299317836761    0.000000127863   -0.000000968554
  325.833251953125   23.482820510864    0.000000013179    0.000010765511    0.000010765511    0.026576885954   -0.002872408135  392.951110839844    3.557675838470    0.000000036103   -0.000000788356
  460.069000244141   25.318534851074    0.000000005287    0.000010864908    0.000010864908    0.016957793385   -0.010740503669  542.011779785156    1.110609412193    0.000000014484   -0.000000597448
  623.954528808594   25.825761795044    0.000000009544    0.000012305976    0.000012305976    0.005179735366   -0.011669727974    0.000000000000    0.000000000000    0.000000026145   -0.000000430416
