    1.114353179932    5.731630802155    0.267425239086    0.264177024364    0.264177024364    0.191037729383    0.246491357684    2.228899478912    1.057255029678    0.950324654579   -0.292763561010
    3.343445777893    7.133871555328    0.222517043352    0.240818127990    0.240818127990    0.299823313951    0.361897826195    4.458125591278    1.086075067520    0.790738523006   -0.402180790901
    5.572805404663    7.854137420654    0.131986662745    0.185257092118    0.185257092118    0.179591447115    0.171208903193    6.965549468994    0.959926724434    0.469028949738   -0.163347855210
    8.358293533325    8.363221168518    0.063686080277    0.147042617202    0.147042617202    0.125801771879    0.100034996867   10.029365539551    1.125233173370    0.226315408945   -0.083984859288
   11.700437545776    8.860499382019    0.025757918134    0.093610368669    0.093610368669    0.092670105398    0.069111779332   14.209477424622    1.033242344856    0.091533564031   -0.038456063718
   16.718517303467    9.344411849976    0.014163743705    0.087846986949    0.087846986949    0.080875128508    0.065116524696   20.066293716431    1.942057728767    0.050332404673   -0.032413426787
   23.414070129395   10.203794479370    0.008742371574    0.068329684436    0.068329684436    0.087014742196    0.082326591015   26.762428283691    2.665024757385    0.031066969037   -0.029086628929
   30.110786437988   11.088182449341    0.004731708672    0.047589950264    0.047589950264    0.087798610330    0.086399704218   33.461105346680    3.334079504013    0.016814641654   -0.020831849426
   36.811420440674   11.973617553711    0.000626660709    0.013681975193    0.013681975193    0.068655118346    0.067251823843   42.082260131836    2.364935398102    0.002226907061   -0.004672703333
   47.353096008301   12.759278297424    0.000001308627    0.000059226899    0.000059226899    0.055536959320    0.053666152060   54.546676635742    3.765832662582    0.000004650349   -0.000016254453
   61.740257263184   14.076542854309    0.000001175707    0.000038586797    0.000038586797    0.057540029287    0.054943349212   68.943237304688    3.899142265320    0.000004178003   -0.000010909313
   76.146224975586   15.157043457031    0.000002279564    0.000059676047    0.000059676047    0.053507696837    0.046279799193   83.358787536621    4.417181968689    0.000008100678   -0.000015002619
   90.571350097656   16.170764923096    0.000000947670    0.000029084778    0.000029084778    0.043634608388    0.034799944609  100.445693969727    3.231480836868    0.000003367649   -0.000005768534
  110.320030212402   17.013349533081    0.000000624608    0.000031773154    0.000031773154    0.033022202551    0.024543467909  122.867172241211    3.666495323181    0.000002219613   -0.000004645568
  135.414306640625   18.006454467773    0.000000631567    0.000031384039    0.000031384039    0.036607861519    0.024510461837  147.990325927734    5.205038547516    0.000002244343   -0.000004913374
  160.566329956055   19.179645538330    0.000000433206    0.000016303555    0.000016303555    0.036223281175    0.018301129341  190.241821289062    4.449997425079    0.000001539443   -0.000002351290
  219.917327880859   21.020786285400    0.000000053878    0.000011730389    0.000011730389    0.030352596194    0.006634958554  272.864379882812    4.732130527496    0.000000191463   -0.000001295131
  325.811462402344   23.456279754639    0.000000007595    0.000010751245    0.000010751245    0.026212478057   -0.003050993895  392.925567626953    4.166549205780    0.000000026989   -0.000001008228
  460.039672851562   25.343902587891    0.000000000851    0.000010868381    0.000010868381    0.017063608393   -0.010726202279  541.977600097656    1.134273290634    0.000000003025   -0.000000778420
  623.915527343750   25.798740386963    0.000000007076    0.000012453769    0.000012453769    0.005052319262   -0.011714301072    0.000000000000    0.000000000000    0.000000025144   -0.000000564588
