    1.115224242210    1.130475997925    0.117359034717    0.175067692995    0.175067692995    0.004307319876    0.184088528156    2.230666637421   -0.898498654366   10.496835708618   -2.883324146271
    3.346109151840    0.892940223217    0.283301264048    0.272039800882    0.272039800882    0.054427154362    0.344273149967    4.461783885956    4.240648269653   25.339052200317   -8.480822563171
    5.577458858490    1.453549742699    0.438900649548    0.338649481535    0.338649481535    0.232563376427    0.491492152214    6.971606254578   18.954586029053   39.256183624268  -16.469537734985
    8.365754127502    3.457510948181    0.520931839943    0.422326147556    0.422326147556    0.323679864407    0.540520966053   10.038593292236   18.657196044922   46.593223571777  -23.798395156860
   11.711432456970    5.101226806641    0.373474776745    0.357653379440    0.357653379440    0.273502022028    0.369853824377   14.222984313965   21.252567291260   33.404357910156  -14.714893341064
   16.734537124634    7.085319519043    0.137996912003    0.273968726397    0.273968726397    0.197625547647    0.223844289780   20.085456848145   12.707087516785   12.342730522156   -7.316999912262
   23.436376571655    8.206117630005    0.032245706767    0.132485806942    0.132485806942    0.116240903735    0.115045145154   26.787755966187   14.215569496155    2.884122848511   -1.937989711761
   30.139135360718    9.146383285522    0.011027732864    0.077433206141    0.077433206141    0.090968385339    0.091592714190   33.492424011230   14.651520729065    0.986343324184   -0.894056320190
   36.845710754395    9.921926498413    0.008154440671    0.065473482013    0.065473482013    0.092160366476    0.098107263446   42.121311187744   24.143926620483    0.729350090027   -0.788259506226
   47.396911621094   11.520663261414    0.002195045818    0.041754759848    0.041754759848    0.084564656019    0.091038800776   54.597099304199   19.376783370972    0.196329459548   -0.464045822620
   61.797286987305   12.871662139893    0.000038209051    0.001242330996    0.001242330996    0.063581041992    0.064337655902   69.006835937500   23.261117935181    0.003417496802   -0.010050919838
   76.216377258301   14.156491279602    0.000000050947    0.000026107678    0.000026107678    0.058283142745    0.055280420929   83.435401916504   23.662168502808    0.000004556811   -0.000187579732
   90.654426574707   15.238876342773    0.000000678977    0.000024481962    0.000024481962    0.052230097353    0.045026827604  100.537841796875   24.544471740723    0.000060729104   -0.000151001601
  110.421257019043   16.514522552490    0.000001020594    0.000032804659    0.000032804659    0.041700568050    0.035703249276  122.980117797852   19.576654434204    0.000091284004   -0.000161073636
  135.538970947266   17.571468353271    0.000001036886    0.000315065234    0.000315065234    0.028788866475    0.017424011603  148.125991821289   17.172824859619    0.000092741277   -0.000948290341
  160.713012695312   18.342962265015    0.000000542859    0.000017840406    0.000017840406    0.032446958125    0.014684209600  190.413024902344   29.807857513428    0.000048554419   -0.000056830311
  220.113021850586   20.801006317139    0.000000094369    0.000012089043    0.000012089043    0.034361504018    0.012150044553  273.099548339844   23.379007339478    0.000008440536   -0.000039408311
  326.086090087891   23.199119567871    0.000000008837    0.000010573232    0.000010573232    0.026341294870   -0.002626141300  393.245361328125   22.866283416748    0.000000790382   -0.000025034242
  460.404663085938   25.263725280762    0.000000000848    0.000010934035    0.000010934035    0.018000142649   -0.010045911185  542.400268554688    6.760796070099    0.000000075869   -0.000020159452
  624.395812988281   25.804065704346    0.000000000018    0.000012268350    0.000012268350    0.005683549214   -0.011929679662    0.000000000000    0.000000000000    0.000000001599   -0.000014500233
